42533 78014 62801 1207 41094 73929 88380 20818 17042 83489 59844 48028 91576 15061 46194 
63387 96343 55323 22304 63909 49485 44551 53922 84762 95435 11548 29950 15611 13339 21577 
46359 33593 26848 63021 94254 80047 41464 61476 68349 53952 94698 63610 91539 81428 29043 
77345 46246 47730 88033 89795 13878 45810 91693 9862 49998 3862 69189 98534 64710 3143 
13768 56640 35273 86964 77844 37197 51106 91882 44594 37461 80112 2942 96482 4421 49659 
46247 50839 56701 55541 84172 47970 85698 47938 71217 58214 49288 94603 61819 20943 12524 
88461 35316 40727 21506 49264 17871 43707 18950 67146 36287 40664 22992 49643 34470 52372 
94351 63183 19728 27531 11238 5022 83117 23890 56243 2295 55762 29138 94931 11084 21332 
69735 91983 80320 3827 93036 67467 52843 89340 10908 43172 99096 20659 61512 66951 17704 
24371 79966 31592 91565 91546 68346 24028 58119 35142 20802 50506 38090 89937 90520 83864 
68286 4107 81847 70153 903 95476 13104 13603 64343 10047 23432 31256 28657 25546 90503 
31636 82518 88585 84973 25376 8033 60395 12280 20006 34678 73199 82729 85950 64348 66930 
6748 6272 85731 84310 33787 38822 38123 51246 40545 26174 42351 59024 27022 86113 89561 
94981 97389 3409 67451 39119 86699 22241 7889 55567 44216 7859 59881 59829 99445 5942 
27523 35452 17904 78603 63794 7026 280 37095 77998 50382 90788 23020 97130 35370 38418 
12196 19623 51814 98173 28336 13681 65002 68535 57301 41812 83534 36035 46925 38180 99363 
38212 62275 26052 77574 62129 41706 38878 31718 67255 65163 445 19480 58695 2949 27047 
32954 39590 60517 37790 38042 39974 72836 97877 38241 53446 30516 74158 99533 12730 39083 
52214 75134 521 22685 49906 11554 22984 83978 63589 679 69836 23070 82 66562 47167 
137 79997 40121 96982 98668 46194 80145 10887 9323 74877 44781 4461 7960 66262 4143 
43517 45652 86740 11680 3827 3373 45138 19675 1816 89511 11912 32493 55327 74490 32034 
40162 20766 63517 39831 64405 5746 5837 57200 79414 74849 26851 45359 40459 50157 48093 
84733 64872 57953 29283 77558 61954 88290 26523 3439 1071 15118 11233 9389 40489 71204 
35486 82725 13406 84320 61181 37779 82230 58983 92833 45460 27285 31501 66758 48520 31963 
35153 53029 34765 62738 87044 20852 85435 19528 48511 2821 76684 49563 16894 69054 88290 
76203 78097 88289 65688 93098 86543 9767 88878 13620 41982 47102 24959 45673 1054 83312 
79751 82788 95592 44805 18427 63847 29363 11359 95035 55804 90273 38976 16484 56490 46026 
73010 67796 97829 87787 20061 42357 53795 48643 28857 53397 21904 51453 2745 51072 52297 
34147 29354 33312 44193 59635 66653 17971 15980 42159 68820 38839 82219 12277 70239 38737 
38539 98628 71409 59166 63681 26185 86669 67877 96895 17940 20374 23262 38427 39771 35542 
47610 51022 46714 66945 70010 11159 72945 9266 4131 70173 57474 80160 46074 37449 12881 
17923 13181 90580 25419 23975 95922 50646 21329 1452 61895 34718 46476 72972 33484 12252 
84212 82969 58873 47183 79847 3006 9872 3346 49179 62070 69422 27298 23253 18110 16640 
99621 21838 71922 77940 63499 54081 99988 89017 97644 16366 48989 4370 99585 94629 91431 
98582 84871 81193 89217 26698 87919 84659 49967 49822 71047 45472 89493 86443 9648 69461 
33101 20033 23519 57036 98229 79080 67024 36624 1439 7014 74083 7543 23875 56366 77904 
59727 51055 74011 89910 65505 75213 92516 27509 32148 11410 6357 26150 62928 32235 91177 
57516 99192 70157 19273 2788 6234 71458 35155 97563 21746 11162 81263 73319 7193 94482 
5858 69249 29659 77064 42586 77835 54559 33638 24395 17699 48057 92713 83224 98092 72110 
33537 91290 50778 4787 10793 19827 57144 33801 32364 26762 91035 52204 65988 36076 31110 
31729 91736 38531 70445 61494 48990 25910 65663 17619 48948 69097 23036 72741 36693 64092 
14816 63524 90448 99435 55476 8941 39904 43540 44579 12453 70359 11088 699 87168 54886 
43900 69073 14623 22881 33582 84645 85086 30067 20798 11665 70039 42393 29123 61200 46029 
84256 30231 8729 23110 30100 91551 95398 30824 37667 27553 98571 79997 31035 61466 99988 
49590 42106 5497 63143 44405 10251 84515 55419 31695 21633 60702 15076 92508 42036 64771 
68337 17087 60035 3189 47657 32729 10975 90164 48663 77187 96426 48236 90288 21061 48682 
31919 10343 98566 15326 55117 37029 27641 55040 44953 25830 87596 42519 2140 40799 75282 
77773 21181 89388 79283 83038 12463 90807 95654 49170 72687 69300 58481 62597 70111 15795 
73838 3806 46715 54042 26699 58797 90674 80671 76930 26072 99426 22518 72691 33445 36118 
69114 87424 1353 80386 93426 30046 2294 88178 69718 87055 69675 4723 33832 29968 3554 
19777 8264 61822 5653 14918 32032 82464 51485 28925 93699 23887 73567 59183 64785 44129 
86415 24560 70386 71044 31397 38368 13984 55733 57494 78764 94220 29488 82636 98362 12858 
57831 99528 84835 75179 50548 99724 69937 26764 17567 90217 85641 53885 57130 67915 82984 
98671 24909 99110 61728 4769 60536 23416 7102 14386 41494 64635 93629 83395 93384 84627 
95487 67632 10294 60502 37818 60542 29328 297 34078 30023 59313 37824 80785 10606 85276 
63441 22906 56042 57505 54285 60655 46916 26815 64835 41611 78085 6129 26670 70835 21529 
22538 84920 76070 71650 73730 68100 85113 32082 17990 47946 8094 95758 7966 96290 68687 
3296 24921 87180 95142 38668 82470 24163 64564 35684 46557 95006 92016 23987 61956 69149 
69775 39069 84596 56752 91475 57229 93775 42490 40886 93462 98619 92060 85736 17919 59114 
4890 93224 4907 13632 52641 75803 27308 42052 99826 83297 48843 96439 50235 80587 46791 
99676 860 88851 18584 46544 13598 22759 87089 41446 34271 26014 21485 72290 98362 93305 
33285 51032 63340 67989 90364 47934 98581 21717 15789 8810 45615 54743 2780 72371 33794 
3791 82316 98228 99481 8143 25721 75195 10438 63971 50935 4246 41372 92001 28300 40811 
81432 54199 49297 37046 79940 81471 30022 46302 52772 16231 70091 39225 78520 31258 77209 
33743 10948 59349 97834 59663 22220 57092 65157 62679 70027 30455 87041 2285 50944 69913 
48612 13460 62221 78471 96891 82894 44715 27229 8124 37143 20769 40010 12426 52311 72579 
91096 64877 72654 28967 98279 7401 69000 41458 7172 61564 76930 34167 92151 28830 29388 
6258 44299 51888 38722 50576 77370 8329 89091 27566 59072 66257 71790 99685 66841 30323 
33235 88266 74833 46271 8160 62152 1953 12193 79090 5398 89566 65560 37175 39971 31892 
76456 19213 98593 52117 79560 61029 52755 2902 20033 38292 1408 71227 71808 62487 16954 
84432 10707 61921 26892 46792 89324 5503 81850 84144 65835 20483 23707 37842 84666 14422 
21139 28709 93387 36359 84139 6662 7240 2495 3950 12371 412 67656 90321 3522 11427 
45379 94107 40212 98986 66673 9997 81469 74125 20356 51476 18079 64731 36288 78160 55632 
39270 56950 34223 66129 27987 92483 25885 46489 31919 69659 25805 57938 2700 66208 42687 
71558 9473 68497 35536 12131 83125 2781 83744 74960 42621 68057 46533 88489 63402 42036 
58287 9300 43574 40793 9897 65479 60098 87413 60515 9340 84179 85221 8935 1168 42786 
97202 29343 21887 71484 4752 42266 4466 2736 56137 48313 81386 73331 17852 99629 68659 
14811 10545 22014 45628 11560 45232 29230 44183 72621 75259 90306 31070 65400 44779 20446 
52579 2043 45487 66716 12185 52624 89919 50725 68615 83157 71849 12299 74317 81045 12127 
70499 22482 35701 81784 81309 34482 87940 53283 24952 99064 48100 55529 18 69574 9962 
98569 36456 36198 55165 89866 64979 16431 51143 85625 96511 48901 94533 7852 72101 33203 
41538 10652 41021 31503 96925 97735 12831 36495 4118 77184 7724 14647 90301 89242 98789 
53710 72460 58204 99612 79107 22995 463 1183 55078 26837 67340 3167 53376 35897 13525 
16322 54794 41273 59816 35242 46978 38774 62254 93565 95739 59145 8882 17408 96457 70798 
40037 87034 57227 39902 28409 1610 25995 50360 61086 17413 50236 44501 37363 95943 49614 
44257 33301 55160 89567 52110 86867 64389 66919 11317 25938 61476 57401 25675 95527 99338 
29321 550 40293 48335 97689 68925 63762 90718 78709 8900 16587 43923 5840 42390 62814 
40572 85520 28673 35280 74805 3155 31011 19147 96898 38148 39726 95988 1148 10462 80925 
39952 5587 60669 26490 82237 66336 60403 47995 50433 4291 60808 24903 45230 47288 12833 
25670 38615 7036 35123 29341 64845 16830 62771 44749 28337 53423 83344 14612 71070 54431 
55368 62629 26168 21238 8834 53099 34061 66639 47343 84619 12920 26291 7108 32136 56048 
3543 79336 84883 75485 58336 69385 1677 23274 82589 48631 19614 99688 26867 53099 7354 
1178 56083 96709 49997 69850 15653 96353 88994 81031 83700 51076 17547 45787 69812 78237 
49675 11214 96332 85826 39396 12928 64262 51995 25393 71351 62612 90384 16121 26263 27391 
2965 10435 72501 94418 60894 69671 93824 18744 8268 18508 91605 52718 53688 53983 70406 
84590 183 84740 73399 40049 65312 5864 57215 40165 60172 38588 57985 90994 28536 28716 
28174 52440 95505 2770 17284 96947 38826 26682 28558 22241 75427 98272 8544 26535 50711 
31793 16691 89534 28847 60526 78135 27985 8511 91685 44381 10720 30469 96821 73817 24796 
876 10482 96823 81761 27344 40041 48689 41026 53581 60408 37648 5959 82785 78796 65022 
17530 47 6706 29838 30233 39593 69034 31182 5470 94024 13455 28205 98704 29568 57198 
