56221 58038 20248 94666 78931 60462 5587 49427 2727 54786 63367 49610 28461 87764 37797 
97552 9680 31430 69158 23266 67821 29793 44043 49198 81415 10105 57055 65941 78887 58724 
92074 93174 66173 85873 34470 88480 50166 81073 6951 58203 76917 91559 81235 19110 89556 
39719 55302 57406 25038 32367 1739 32522 11136 4651 86515 77071 95478 84419 29500 51559 
36995 59085 28147 22606 16776 76354 93966 46907 80131 12580 57790 59572 4567 98135 84273 
85189 99418 97818 98685 12672 82029 6196 69773 829 42673 32658 11330 10610 5813 19076 
62047 92112 18821 54130 78363 89678 50958 22676 28215 66793 65191 55993 4971 93998 33319 
29282 90270 87673 951 86511 82107 35275 73005 59499 70232 93521 82692 88076 84760 99984 
27371 41228 65867 95733 3185 85323 2567 16854 47046 44828 66746 76122 99328 53380 25016 
22555 33541 98615 45407 36226 60284 22893 28506 88478 1937 53821 83391 73527 51849 3464 
37543 96492 77172 93168 16904 84972 98042 32137 57323 76577 77449 2190 11891 23186 85951 
78597 99975 44210 63266 47448 3265 55764 84835 63684 51726 414 55598 30773 58076 3038 
95512 72902 53262 82343 51747 13686 47375 54711 71043 71530 90537 77306 92357 31126 36538 
90739 74719 53006 18306 38111 58132 38632 28825 56861 66381 77196 63645 62625 99764 62124 
21926 70163 33082 80214 81724 25442 29579 44413 62277 55071 5105 62412 61093 74549 28426 
7586 6887 35160 23351 86197 759 30868 46328 75413 27474 31163 49122 40308 6307 53593 
398 24904 16641 40589 32305 52191 77336 59178 98543 61168 80888 99324 78978 55124 83474 
6896 42473 34702 30203 50610 84448 41716 51247 88843 88530 45272 99010 71795 22747 60438 
9047 87278 69845 1498 58238 34244 8588 36811 62489 87204 8353 30307 3275 96802 72807 
25905 97401 57060 70169 55388 27568 58197 17306 27781 32731 35430 42844 88779 16642 18774 
40503 22516 70623 86653 38020 4745 22305 26954 49320 6463 15933 13229 47997 90074 1794 
10809 98706 36369 62451 37907 9726 89933 31639 20133 24734 13008 68095 93345 54752 93433 
30999 29418 62259 60958 66342 82236 48606 28036 54254 77107 63183 86172 86157 95797 48180 
56940 37595 41528 56316 17976 77693 3494 30590 98603 9397 78893 14867 67135 66028 51908 
72045 12519 99130 73754 22571 56636 80193 35630 80237 20410 4576 77306 54473 6819 29769 
