81758 11278 60917 76525 87363 3878 27623 46573 73794 66715 5301 60068 79626 41069 25576 
69469 45750 39983 23667 47779 29719 5793 21667 46831 96971 42632 22017 13721 97581 64513 
19853 36138 25547 29384 20390 68651 49163 87443 78017 51515 95616 58062 57516 71139 70730 
63799 54602 27092 95641 92292 2950 64364 46204 27213 37908 1565 88045 88009 83326 35872 
10445 44826 77205 33713 75606 29766 54361 22559 16356 48576 59800 83657 34993 7873 75269 
8130 78698 12189 3195 19597 92841 52381 67206 85318 82517 2402 56485 34824 44747 64913 
62394 80121 69067 57922 30125 84745 42588 14385 75575 60318 37113 74646 98217 78711 540 
87599 54415 75537 22518 643 42455 86391 95205 10752 90517 1137 43999 69435 31858 43477 
60212 82858 97675 83171 27936 25076 57454 66471 713 87115 89009 6694 50137 17544 66032 
11331 78136 71209 9624 34682 57438 71977 62117 35732 40606 12602 6437 89830 57035 60255 
